1 0
10 15
17
C 1 0 40 40 1 10 1
C 2 40 40 40 1 1 15
V 1 20 20 20 1 1 9
T 2 30 20 30 1 1 13
C 1 40 40 40 1 2 3
T 1 30 20 30 1 3 1
V 2 20 20 20 1 3 8
C 1 40 40 40 1 3 14
F 2 80 20 80 1 4 5
F 1 80 20 80 1 5 12
T 2 30 20 30 1 6 3
T 1 30 20 30 1 7 10
C 1 0 40 40 1 8 2
V 2 20 20 20 1 8 6
T 2 30 20 30 1 8 15
C 0 40 40 40 1 9 13
T 1 30 20 30 1 10 3
13 17 .
4 8 .
4 7 8 .
2 3 8 .
6 7 9 .
5 9 11 .
3 5 8 9 10 .
2 3 4 7 10 15 .
5 6 7 10 11 12 .
7 8 9 12 15 .
6 9 12 13 14 .
9 10 11 14 16 .
1 11 14 17 .
11 12 13 17 .
8 10 16 .
12 15 .
1 13 14 .
IU .
0 0 0
IU .
0 0 0
.
1 .