2 0
10 15
17
C 1 0 60 40 2 10 1
C 1 0 60 40 2 1 15
V 1 0 30 20 2 1 9
T 1 0 20 30 1 1 13
C 1 0 60 40 2 2 3
T 1 0 20 30 1 3 1
V 1 0 20 20 1 3 8
C 1 0 60 40 2 3 14
F 1 0 20 80 1 4 5
F 1 0 40 80 2 5 12
T 1 0 20 30 1 6 3
F 1 0 20 80 1 7 10
C 1 0 60 40 2 8 2
V 1 0 20 20 1 8 6
T 1 31 50 50 4 8 15
C 2 30 40 40 4 9 13
T 2 30 30 30 2 10 3
13 17 .
4 8 .
4 7 8 .
2 3 8 .
6 7 9 .
5 9 11 .
3 5 8 9 10 .
2 3 4 7 10 15 .
5 6 7 10 11 12 .
7 8 9 12 15 .
6 9 12 13 14 .
9 10 11 14 16 .
1 11 14 17 .
11 12 13 17 .
8 10 16 .
12 15 .
1 13 14 .
.
1 0 0
.
0 0 1
.
.